Year,Quarter,Cars,Motorcycles,Light.Goods.Vehicles,Heavy.Goods.Vehicles,Total.Goods.Vehicles,Buses.and.coaches,Other.vehicles1,Total
1994,1,21034.076,782.61,2137.653,420.906,2579.783,155.892,615.47,25167.831000000002
1994,2,21034.076,782.61,2137.653,420.906,2579.783,155.892,615.47,25167.831000000002
1994,3,21243.972,784.44,2137.653,420.906,2591.269,156.376,620.487,25396.544
1994,4,21199.203,720.922,2137.653,420.906,2558.5589999999997,153.74,599.027,25231.451
1995,1,21230.659,706.47,2122.774,422.869,2561.896,153.796,609.997,25262.818
1995,2,21458.271,771.013,2122.774,422.869,2601.137,157.16,616.855,25604.436
1995,3,21459.979,749.601,2122.774,422.869,2576.478,154.568,571.6,25512.226
1995,4,21394.103,702.493,2122.774,422.869,2545.643,153.465,573.649,25369.353
1996,1,22007.386,784.854,2173.878,429.902,2609.702,158.555,572.659,26133.156
1996,2,22007.386,784.854,2173.878,429.902,2609.702,158.555,572.659,26133.156
1996,3,22227.358,801.438,2173.878,429.902,2621.273,159.754,570.818,26380.641
1996,4,22237.538,738.756,2173.878,429.902,2603.78,157.638,564.209,26301.921000000002
1997,1,22298.305,734.838,2231.181,435.999,2604.876,157.061,558.95,26354.03
1997,2,22526.316,806.254,2231.181,435.999,2642.07,160.538,558.558,26693.735999999997
1997,3,22808.761,820.319,2231.181,435.999,2666.936,161.553,560.903,27018.471999999998
1997,4,22831.698,752.357,2231.181,435.999,2667.18,160.721,561.834,26973.79
1998,1,22984.335,769.226,2278.027,440.824,2689.266,161.034,561.647,27165.507999999998
1998,2,23207.61,856.245,2278.027,440.824,2733.54,163.392,560.434,27521.221
1998,3,23427.761,881.943,2278.027,440.824,2750.184,164.605,560.913,27785.406
1998,4,23293.332,813.784,2278.027,440.824,2718.851,161.312,551.136,27538.414999999997
1999,1,23458.476,859.442,2342.16,459.184,2740.302,162.561,549.512,27770.292999999998
1999,2,23725.847,930.452,2342.16,459.184,2779.949,165.024,553.138,28154.410000000003
1999,3,23974.937,889.364,2342.16,459.184,2801.344,168.121,533.794,28367.56
1999,4,23974.937,889.364,2342.16,459.184,2801.344,168.121,533.794,28367.56
2000,1,24167,895.973,2382.59,471.481,2824.212,169.961,524.566,28581.712
2000,2,24278.633,990.588,2382.59,471.481,2856.303,173.716,526.286,28825.526
2000,3,24383.345,1015.786,2382.59,471.481,2871.77,175.303,521.327,28967.531000000003
2000,4,24405.549,953.737,2382.59,471.481,2854.071,172.565,511.659,28897.581
2001,1,24653.787,965.189,2407.458470455896,473.26952954410666,2880.728000000003,172.323,502.761,29174.788
2001,2,24683.016,1047.701,2424.571224598749,475.05877540125226,2899.630000000001,173.047,495.025,29298.419
2001,3,24979.506,1083.856,2458.676149933175,480.1458500668288,2938.8220000000038,174.189,499.885,29676.258
2001,4,25125.867,1009.954,2461.38,477.485,2938.8650000000002,171.618,500.82599999999996,29747.13
2002,1,25390.479,1035.501,2490.9603064921707,480.69369350782773,2971.6539999999986,172.213,505.954,30075.801
2002,2,25485.832,1116.074,2517.802276028026,484.5967239719754,3002.3990000000013,174.347,507.374,30286.026
2002,3,25709.575,1131.374,2541.7952668098396,487.92673319015813,3029.721999999998,174.926,506.007,30551.604
2002,4,25781.931,1070.022,2542.26,485.443,3027.7030000000004,172.994,504.0230000000001,30556.673000000003
2003,1,26007.767,1114.704,2580.8436495037727,487.7833504962276,3068.6270000000004,173.892,508.439,30873.429
2003,2,26157.487,1188.561,2622.566861027654,493.1211389723442,3115.6879999999983,176.439,511.498,31149.673
2003,3,26388.048,1192.498,2656.39649158262,496.90550841737974,3153.3019999999997,177.874,513.057,31424.779
2003,4,26240.404,1134.682,2652.913,491.12,3144.033,174.691,513.549,31207.359
2004,1,26817.718,1173.196,2731.51567884306,500.2573211569372,3231.7729999999974,176.731,525.574,31924.992
2004,2,26939.624,1232.879,2774.936584503801,505.4664154962011,3280.403000000002,178.707,533.207,32164.82
2004,3,27138.633,1241.955,2815.031284664757,509.9917153352398,3325.022999999997,179.405,534.955,32419.971
2004,4,27028.099,1191.168,2822.44,505.777,3328.217,177.659,533.713,32258.855999999996
2005,1,27348.616,1197.974,2865.6009966870047,507.2360033129951,3372.8369999999995,177.699,534.949,32632.075
2005,2,27456.751,1254.178,2913.707260643197,512.5697393568047,3426.277000000002,180.083,540.978,32858.267
2005,3,27549.016,1261.983,2937.7359841981956,513.5950158018031,3451.3309999999988,180.195,542.234,32984.759
2005,4,27520.398,1206.389,2943.376,508.183,3451.559,178.437,540.6,32897.383
2006,1,27459.130382595333,1199.6285881969993,2939.176366669937,495.9535571527848,3435.129923822722,174.9349588266478,538.0587121101771,32806.88256555188
2006,2,27587.27248840878,1256.9315990599944,2978.2318055080773,502.08999845597646,3480.3218039640537,176.5039392118749,542.4576311109895,33043.48746175569
2006,3,27718.492925356935,1251.5845431660907,3019.8500772252896,508.6463305583379,3528.4964077836275,178.8500781056724,544.957129618779,33222.381084031105
2006,4,27609.171,1209.557,3023.075,508.269,3531.344,177.024,543.388,33070.484
2007,1,27797.793502611228,1212.385997489926,3054.8988077986096,507.832021099041,3562.7308288976506,176.25937722661777,548.0020729561512,33297.17177918158
2007,2,27948.75610222028,1280.014575037354,3105.0723741023376,513.0538896453118,3618.1262637476493,177.8263922714816,557.9070812560269,33582.630414532796
2007,3,28091.644244179468,1286.6559526158214,3139.667932370881,515.6221702199382,3655.290102590819,178.5341395531294,564.2720360187246,33776.39647495796
2007,4,28000.264,1248.321,3148.885,510.838,3659.7230000000004,176.929,565.744,33650.981
2008,1,28163.383140112775,1247.3269519788696,3172.9452948292396,504.2233155270807,3677.16861035632,176.2465905251928,570.9988838143576,33835.12417678752
2008,2,28246.97559363257,1311.129367441954,3209.53034607303,506.81809101902195,3716.3484370920523,176.70966617029316,581.9103216948487,34033.07338603172
2008,3,28279.644,1329.404,3222.452,508.689,3731.141,177.724,587.017,34104.93
2008,4,28160.702,1274.568,3191.403,495.912,3687.3149999999996,175.454,585.343,33883.382
2009,1,28261.029,1273.171,3188.243,487.907,3676.15,174.774,588.968,33974.092
2009,2,28305.99,1342.282,3208.899,488.148,3697.047,175.914,598.378,34119.611
2009,3,28322.595,1336.198,3207.113,487.501,3694.6139999999996,175.808,601.882,34131.097
2009,4,28246.47,1275.641,3184.547,477.783,3662.33,173.728,600.261,33958.43
2010,1,28319.758,1251.02,3188.56,472.683,3661.243,172.841,602.672,34007.534
2010,2,28485.446,1325.191,3219.673,476.557,3696.2299999999996,173.269,611.825,34291.961
2010,3,28581.146,1320.08,3230.893,476.281,3707.174,173.922,617.341,34399.663
2010,4,28420.877,1234.369,3207.791,470.128,3677.9190000000003,171.203,615.78,34120.147999999994
2011,1,28512.923,1236.526,3226.505,467.994,3694.499,170.406,620.931,34235.285
2011,2,28576.829,1316.493,3260.899,472.101,3733,171.028,634.044,34431.394
2011,3,28608.096,1311.091,3271.377,471.082,3742.459,170.62,640.021,34472.287
2011,4,28467.289,1238.321,3248.293,465.473,3713.766,168.062,641.156,34228.594
2012,1,28580.986,1237.734,3252.193,462.296,3714.489,167.64,646.392,34347.241
2012,2,28710.262,1305.767,3282.76,465.628,3748.388,169.123,657.342,34590.882
2012,3,28813.168,1307.005,3301.408,465.667,3767.075,169.04,666.188,34722.476
2012,4,28722.453,1224.849,3280.615,460.616,3741.231,166.297,667.492,34522.322
2013,1,28842.062,1199.009,3298.15,458.294,3756.444,166.144,671.712,34635.371
2013,2,29080.181,1302.341,3346.226,463.632,3809.858,167.244,682.401,35042.025
2013,3,29206.092,1316.886,3365.909,466.52,3832.429,167.069,688.247,35210.723
2013,4,29140.937,1219.399,3353.894,468.876,3822.77,164.461,686.92,35034.487
2014,1,29372.109,1218.043,3386.417,465.86,3852.277,164.082,690.819,35297.33
2014,2,29695.135,1324.772,3461.732,473.202,3934.934,165.648,700.946,35821.435
2014,3,29737.295,1326.48,3485.657,476.01,3961.667,165.565,707.534,35898.541
2014,4,29611.489,1216.168,3471.28,473.932,3945.212,163.051,697.187,35633.107
2015,1,29766.402,1204.811,3507.609,473,3980.609,162.631,696.01,35810.463
2015,2,30030.194,1299.936,3572.842,479.399,4052.241,164.2,703.467,36250.038
2015,3,30234.038,1315.242,3623.705,483.77,4107.475,164.312,708.635,36529.702
2015,4,30250.294,1230.779,3633.578,483.361,4116.939,162.696,706.779,36467.487
2016,1,30461.111,1228.808,3674.364,482.488,4156.852,162.053,709.158,36717.982
2016,2,30689.292,1314.107,3736.725,490.24,4226.965,163.423,715.735,37109.522
2016,3,30870.842,1330.387,3785.751,494.216,4279.967,163.357,723.535,37368.088
2016,4,30850.44,1248.074,3781.984,493.638,4275.622,161.5,721.167,37256.803
2017,1,31073.584,1246.654,3819.708,491.6,4311.308,160.994,725.162,37517.702
2017,2,31212.176,1328.814,3869.987,498.72,4368.707,161.682,740.912,37812.291
2017,3,31339.536,1328.445,3912.66,501.485,4414.145,160.971,747.089,37990.186
2017,4,31200.182,1233.59,3898.149,499.353,4397.502,158.432,745.286,37734.992
2018,1,31347.649,1219.099,3930.256,496.669,4426.925,157.502,739.972,37891.147
2018,2,31498.203,1320.391,3978.321,500.93,4479.251,157.969,742.31,38198.124
2018,3,31601.899,1335.817,4015.322,502.266,4517.588,157.315,755.522,38368.141
2018,4,31517.597,1242.69,4009.887,500.287,4510.174,154.99,758.576,38184.027
2019,1,31687.262,1256.705,4051.818,498.258,4550.076,153.729,756.362,38404.134
2019,2,31842.466,1331.716,4102.879,505.092,4607.971,154.296,763.561,38700.01
2019,3,31976.178,1342.394,4137.042,503.738,4640.78,153.553,768.266,38881.171
