Year,Quarter,Cars,Motorcycles,Light.Goods.Vehicles,Heavy.Goods.Vehicles,Buses...coaches,Other.vehicles,Total
2001,1,707.923,39.872,69.452,11.945,2.553,7.326,839.071
2001,2,618.559,55.092,66.867,13.171,2.836,9.509,766.034
2001,3,729.557,53.255,72.867,15.998,2.713,9.784,884.174
2001,4,529.943,32.241,64.853,11.346,2.452,7.617,648.452
2002,1,758.688,37.978,71.246,11.46,2.854,8.426,890.652
2002,2,650.081,51.326,69.054,12.022,3.509,10.709,796.701
2002,3,744.593,47.311,74.001,12.553,2.97,10.189,891.617
2002,4,528.769,29.175,69.267,12.641,2.965,7.6,650.417
2003,1,737.601,36.705,80.859,12.746,3.387,9.784,881.082
2003,2,642.654,63.305,76.729,13.497,3.813,11.288,811.286
2003,3,742.776,35.811,85.017,13.258,3.47,11.076,891.408
2003,4,523.025,25.072,75.254,13.672,3.01,8.088,648.121
2004,1,762.241,29.06,86.199,12.78,3.182,9.885,903.347
2004,2,629.85,42.706,83.78,13.64,3.628,12.165,785.769
2004,3,710.137,39.695,87.857,12.924,3.31,11.807,865.73
2004,4,496.851,25.663,83.119,13.773,3.113,8.072,630.591
2005,1,697.902,27.031,87.394,12.902,3.152,9.9,838.281
2005,2,594.424,43.589,84.267,15.356,3.778,12.843,754.257
2005,3,677.214,40.363,84.768,14.719,3.239,11.64,831.943
2005,4,473.915,24.652,73.294,13.887,2.968,8.177,596.893
2006,1,661.775,28.751,87.216,13.22,3.755,10.122,804.839
2006,2,569.89,41.34,80.341,16.576,3.49,12.483,724.12
2006,3,662.387,39.77,84.505,15.193,2.66,11.632,816.147
2006,4,445.991,25.359,76.217,9.466,2.369,9.07,568.472
2007,1,678.006,31.867,86.672,9.56,2.675,14.466,823.246
2007,2,573.262,44.223,83.182,11.453,3.644,17.279,733.043
2007,3,670.627,41.785,89.934,12.629,3.209,16.795,834.979
2007,4,468.185,28.546,80.341,13.634,2.585,12.355,605.646
2008,1,675.165,31.392,88.759,13.56,2.996,15.153,827.025
2008,2,556.516,42.792,80.504,14.381,3.218,18.699,716.11
2008,3,542.128,41.491,70.562,12.737,3.157,17.263,687.338
2008,4,338.189,26.323,51.144,12.119,2.299,11.638,441.712
2009,1,472.304,27.453,48.682,8.483,2.587,14.32,573.829
2009,2,438.024,36.183,44.837,7.771,2.575,17.032,546.422
2009,3,584.857,31.688,51.262,10.359,2.424,15.89,696.48
2009,4,473.067,19.538,44.949,4.831,1.956,10.141,554.482
2010,1,597.541,22.194,55.564,5.913,2.514,12.588,696.314
2010,2,486.689,32.053,53.385,6.873,2.382,15.573,596.955
2010,3,519.113,28.33,61.989,8.001,2.377,16.34,636.15
2010,4,392.981,17.513,55.197,9.491,1.647,11.594,488.423
2011,1,546.516,22.802,72.218,8.694,2.163,14.143,666.536
2011,2,460.703,31.127,62.007,9.623,2.328,17.233,583.021
2011,3,516.411,28.328,67.217,9.815,1.989,16.317,640.077
2011,4,383.781,17.092,61.568,12.552,2.049,14.84,491.882
2012,1,550.998,23.552,62.076,10.827,2.635,17.405,667.493
2012,2,483.835,30.765,58.934,10.543,3.204,17.655,604.936
2012,3,554.988,28.834,68.035,9.854,2.234,17.388,681.333
2012,4,421.004,16.909,53.313,10.521,1.749,12.532,516.028
2013,1,594.152,21.551,69.528,9.062,2.481,14.098,710.872
2013,2,546.344,30.128,65.23,10.772,2.239,15.327,670.04
2013,3,620.261,28.988,72.708,12.051,2.309,14.816,751.133
2013,4,464.325,17.763,66.977,21.27,2.028,11.712,584.075
2014,1,674.374,24.034,79.497,6.179,2.095,13.215,799.394
2014,2,586.624,33.103,76.751,8.605,2.288,15.947,723.318
2014,3,662.093,31.406,87.825,10.712,1.903,15.625,809.564
2014,4,515.249,19.805,80.287,13.052,2.045,11.025,641.463
2015,1,721.665,27.503,97.626,9.827,2.34,13.143,872.104
2015,2,632.235,37.686,90.05,11.864,2.556,15.064,789.455
2015,3,712.474,35.191,98.635,13.194,2.442,14.235,876.171
2015,4,535.772,22.995,88.577,14.173,2.227,10.501,674.245
2016,1,761.393,29.446,99.568,11.581,2.25,11.892,916.13
2016,2,640.381,41.217,94.363,12.683,2.72,13.979,805.343
2016,3,723.676,38.048,100.623,12.698,2.646,15.323,893.014
2016,4,539.801,29.474,84.204,14.375,2.424,11.192,681.47
2017,1,807.191,25.17,98.428,11.725,2.176,14.408,959.098
2017,2,573.002,35.363,87.686,13.666,2.347,14.309,726.373
2017,3,657.389,31.128,98.797,12.15,2.323,14.522,816.309
2017,4,471.748,21.901,79.574,13.16,1.893,12.831,601.107
2018,1,707.36,26.4,94.888,11.081,1.997,12.666,854.392
2018,2,586.678,35.603,87.815,12.574,2.175,16.09,740.935
2018,3,591.78,32.389,95.039,11.318,1.995,14.81,747.331
2018,4,455.687,21.4,84.549,13.65,1.802,12.586,589.674
2019,1,694.106,29.907,103.986,13.446,1.483,13.68,856.608
2019,2,562.345,35.472,95.037,17.188,1.737,16.479,728.258
2019,3,589.052,32.656,91.612,10.104,1.683,15.008,740.115
2014,3,679.382,31.983,89.717,11.041,2.01,16.198,830.331
2014,4,524.702,20.003,81.295,13.329,2.102,11.223,652.654
2015,1,740.475,27.864,100.174,10.133,2.437,13.465,894.548
2015,2,647.672,38.217,91.962,12.223,2.636,15.446,808.156
2015,3,727.722,35.709,100.237,13.476,2.506,14.519,894.169
2015,4,545.151,23.239,89.793,14.453,2.294,10.701,685.631
2016,1,780.586,29.87,102.127,11.969,2.328,12.247,939.127
2016,2,655.811,41.826,96.337,13.073,2.785,14.428,824.26
2016,3,738.648,38.53,102.653,13.062,2.675,15.715,911.283
2016,4,548.729,29.824,85.532,14.698,2.452,11.414,692.649
2017,1,826.598,25.582,101.067,12.117,2.285,14.793,982.442
2017,2,586.361,36.008,89.514,14.017,2.447,14.695,743.042
2017,3,671.073,31.577,100.473,12.374,2.39,14.837,832.724
2017,4,480.298,22.159,80.604,13.451,1.927,13.113,611.552
2018,1,724.73,26.869,97.689,11.386,2.047,13.047,875.768
2018,2,600.51,36.262,89.461,12.93,2.272,16.557,757.992
2018,3,604.435,32.913,96.737,11.659,2.074,15.205,763.023
2018,4,464.367,21.702,85.449,13.914,1.815,12.909,600.156
2019,1,710.622,30.404,106.605,13.886,1.544,14.179,877.24
2019,2,576.147,36.058,96.832,17.672,1.794,16.94,745.443
2019,3,601.398,33.148,92.939,10.367,1.726,15.309,754.887
