Year,Quarter,Cars,Light.Commercial.Vehicles,Heavy.Goods.Vehicles,Other,All.Motor.Vehicles
1994,4,100,100,100,100,100
1995,1,100.447139585461,100.666100896556,100.841488872152,100.292485648189,100.489742859368
1995,2,100.940831432718,101.622037694814,101.570019862416,100.822915585583,101.045489279327
1995,3,101.462729060445,102.433491597992,102.013725122946,102.051382767531,101.606645747034
1995,4,101.766486406417,102.709858203633,102.700088875762,102.901659128915,101.940970173229
1996,1,102.496978906373,103.46642364648,103.342405591219,103.404509628004,102.664422128522
1996,2,103.116109992869,104.259240553451,103.97796375309,103.903321713781,103.299975191433
1996,3,103.809713701927,105.320527932363,105.009776254533,104.103530943783,104.041418090122
1996,4,104.317872098181,106.597007983659,105.891382455422,104.364203510725,104.645576235572
1997,1,104.536974235976,107.116791445869,105.658067411255,104.918571412964,104.875683933419
1997,2,105.072324579665,108.915652720515,106.757543673558,105.206374900895,105.569146232614
1997,3,105.373048936672,110.389611276336,107.518368064818,106.900411723827,106.04530260767
1997,4,106.020725058059,112.044618234982,108.395354744801,108.47101970569,106.82841316454
1998,1,106.569373610547,113.925925252445,109.96990481038,109.652113451023,107.586966729954
1998,2,106.671603219296,114.930450887048,110.398862993588,110.802293209471,107.82205095306
1998,3,107.029933234629,116.403945902721,111.403195523145,111.572492049016,108.341201735396
1998,4,107.412043973791,117.216892486641,111.963222687948,111.337499252333,108.765756660663
1999,1,107.829388108993,117.732739276326,112.281895515052,111.846286475003,109.189251130188
1999,2,108.425776086262,118.381529247912,112.485176344509,113.481415458114,109.788632198454
1999,3,108.886133541246,118.826782698853,112.8746279135,115.543846171552,110.275210923439
1999,4,109.396192071592,119.044344327619,113.537785632547,116.582415053633,110.774735154082
2000,1,109.993722675898,119.626812188517,114.302093419162,116.501991047702,111.367002456412
2000,2,110.033932502415,120.232138535099,114.742777028517,115.88624141814,111.475766435346
2000,3,109.129389232377,120.02474087543,114.243549648681,114.824531364393,110.663579522623
2000,4,108.987763058069,120.468959181638,113.909568594904,115.485393453075,110.586874193271
2001,1,108.729171851941,120.685567057424,113.059508033077,114.431139703741,110.326509146664
2001,2,108.929158896896,121.468321314803,113.085869631487,114.877113979685,110.581106227498
2001,3,109.903057908885,122.35645186675,113.145979142536,115.249025291718,111.480480258692
2001,4,110.494069298808,123.322110070044,113.15790839605,118.038638355283,112.119806890038
2002,1,111.243323902665,123.493380753979,113.417648673659,120.80799635511,112.821149010075
2002,2,111.851479736835,123.737481190871,113.467263770707,122.36697089993,113.378009096965
2002,3,112.761709068296,125.267584598419,113.955526094406,123.045104410293,114.322535740116
2002,4,113.197425853151,126.151167327337,114.139809519889,121.4148053492,114.748325852806
2003,1,113.135168179175,128.047446759469,114.601601844928,123.594374347365,114.962907211407
2003,2,113.002495568705,129.831060115366,114.293813994397,124.890559341589,115.045429902701
2003,3,112.969073221251,131.269629910286,114.330318520988,127.667342510639,115.223470566199
2003,4,113.025597108199,132.451923432804,114.716007782931,129.438985454259,115.449267651418
2004,1,113.547194409562,134.35009593923,115.203584156468,127.423949486776,116.059807052004
2004,2,114.068267264217,135.632737718979,116.272017482364,126.879181398992,116.670090782528
2004,3,113.964453720578,136.919751454572,117.135718642591,123.979741783818,116.710383505568
2004,4,114.261218263143,138.91072762447,118.181123972832,121.852127229416,117.176981032746
2005,1,113.900889648321,138.872143517619,117.769869558669,121.72932014694,116.851471179763
2005,2,113.874751210762,140.142289547575,118.119471409154,122.567829993959,116.997916401205
2005,3,113.954783518744,141.434848212564,117.75410639827,123.905229979042,117.201491392753
2005,4,113.810696079909,142.665598081368,116.827313585532,124.072220687992,117.15894159755
2006,1,114.198937019716,146.254981599037,117.11872924674,125.330510014388,117.88792464079
2006,2,114.321941351718,147.684004821399,117.060091376105,124.879529871367,118.123071913511
2006,3,114.554338177216,148.257193011268,117.329999781616,122.550353783812,118.341636341562
2006,4,115.167362013642,148.353984014073,117.22995498756,123.651281291311,118.869408833644
2007,1,115.511609677324,148.432452680449,116.824654569217,125.463643040748,119.171551435919
2007,2,115.715214657824,150.411997936645,117.170273863599,126.422737738702,119.581137009425
2007,3,115.593332484226,152.696323413742,117.396246576614,127.972535010936,119.760392903422
2007,4,115.338401471708,155.449173941182,118.099685223024,129.322474455628,119.902992826244
2008,1,115.465483211521,156.16113937707,118.39946671844,127.359676064932,120.058685231407
2008,2,115.284743731108,156.190534170687,118.214039242284,125.035299603514,119.856533868982
2008,3,114.777827777649,155.426346900199,117.215908806948,121.962076399374,119.243134139075
2008,4,114.470106266536,154.453314289769,115.451663023119,119.932699619686,118.747087886906
2009,1,113.780166104285,153.136111596522,112.700666120095,119.440232864153,117.875467241074
2009,2,113.892348785949,152.051885798549,109.735012370165,118.745247610873,117.667671049963
2009,3,114.371281764027,151.737097677442,107.520818438718,119.463193288216,117.911491040491
2009,4,114.180837727636,151.130851711988,105.949201655164,120.542197789759,117.622436169528
2010,1,113.430485152258,151.295335952054,105.82760233609,119.182924619214,116.990944321739
2010,2,113.123790098969,151.438336121714,105.896870195837,119.3588294362,116.762197244722
2010,3,112.96795082066,152.493036675159,106.318371483896,117.830121520395,116.737364917707
2010,4,111.847465329325,152.423893522686,106.30592712649,114.708720241456,115.750189320874
2011,1,112.244427614719,152.65517224149,105.665896407362,115.258676877309,116.072222610041
2011,2,111.802329019046,152.839177102646,105.091119447246,113.575639548833,115.661950127486
2011,3,111.421552661887,152.622042137891,104.016869581821,111.677411080763,115.226985248723
2011,4,112.267961077101,153.671924869471,103.458204106089,110.691460682872,115.975199145074
2012,1,112.604475162173,154.234004258645,103.28061607852,109.633610926001,116.27688681859
2012,2,112.327261619176,153.546309341978,102.051727269195,107.162605628591,115.857803712045
2012,3,112.099501136369,153.214490957037,101.383439592734,106.781363363883,115.590394899522
2012,4,112.072568002313,153.307448505067,100.928469557926,106.279225892101,115.541155706362
2013,1,111.392605437625,152.962231986526,100.061572799562,103.634715166826,114.845451218854
2013,2,111.558893517303,154.790727443455,100.549125622218,104.417162437669,115.213784922052
2013,3,111.473257356043,156.14380716305,101.114920808382,105.560903090002,115.338849560365
2013,4,111.926641717885,158.132423384326,101.818244239823,105.139785379429,115.947314094662
2014,1,112.896155579759,160.668215205953,102.844412575436,107.054721893064,117.10002467223
2014,2,113.360445831337,162.613661394061,103.361046937235,107.327197903945,117.715833887846
2014,3,113.897599406842,164.958718598157,103.905293340556,107.026488922356,118.422556873449
2014,4,114.259709316451,167.152793138862,104.444516679432,106.776590391244,118.971205216748
2015,1,114.316608779427,168.977208047478,105.471175929574,105.723527378384,119.244675360717
2015,2,114.671562080883,170.733936897972,106.39858833708401,105.552758537655,119.766898242938
2015,3,115.002511336285,172.236640325687,107.214140910654,104.617324656,120.221539838098
2015,4,115.535476320201,174.195352188351,108.287715353702,104.308885400986,120.916072932204
2016,1,116.42306092189,176.65212600644,108.52311465404,103.741519540415,121.897635893591
2016,2,116.895848887268,178.866831478544,108.923897175208,102.474211178553,122.510572644819
2016,3,117.334991411215,181.10613382812,109.227297479439,101.914396151977,123.106881903007
2016,4,117.377511812648,182.730881542574,109.300627691833,100.901758154459,123.292833145964
2017,1,117.494556598164,183.656672356008,109.703610841877,100.547341652377,123.500424766454
2017,2,117.95452765609,185.080554252624,110.112106859193,101.000864748431,124.056334616619
2017,3,118.197071333385,185.984198238626,110.191822051427,100.120286527811,124.334879154548
2017,4,118.660278275239,187.577024632931,110.588456959384,99.1084061130924,124.88089192083
2018,1,118.260836387458,188.154011842766,110.622222598225,96.8697929475436,124.570621811487
2018,2,118.508511770253,189.19224351393,110.979060271352,97.285519906406,124.909334794394
2018,3,118.563326037372,189.99343056495,111.098864778632,97.529318823264,125.048465731166
2018,4,118.948787854616,189.335610152835,110.966338492508,96.4370666048248,125.266769969495
2019,1,119.543869532958,189.091359074727,110.75069328256,96.5744048441343,125.718791311395
2019,2,119.815315181591,187.878305744713,110.085563603162,93.6181136485616,125.718228653105
2019,3,120.337584614916,187.314518047347,109.884306960736,91.7894064548085,126.039452504293
